132
780
180
0
0
10
3
0
0
3
0
0
232
53
3
1
1
3
P
115
19
10
E
265
20
130
Map
Lane
0
Q1
1
W
3
86
232
0
1
8
1
1
74
70
-1
2
0
1
7
24
-1
670
1250
Q2
1
W
10
140
235
0
1
3
1
1
70
65
-1
2
0
130
7
31
-1
670
1250
Q3
0
Q4
0
Q5
0
Lane
1
Q1
0
Q2
0
Q3
0
Q4
0
Q5
0
Lane
2
Q1
1
W
1
154
379
1
3
5
1
0
74
56
-1
1
0
58
4
17
-1
670
1250
Q2
0
Q3
0
Q4
0
Q5
0
Lane
3
Q1
0
Q2
1
W
9
353
452
3
5
5
0
0
50
50
5
1
0
150
5
44
82
670
1250
Q3
0
Q4
0
Q5
0
Lane
4
Q1
1
W
2
551
512
0
10
11
1
0
60
70
6
1
0
150
5
67
100
670
1250
Q2
0
Q3
0
Q4
0
Q5
0
Lane
5
Q1
0
Q2
1
W
14
1060
49
0
3
4
1
0
40
37
-1
1
0
1000000000
25
100
-1
670
1250
Q3
0
Q4
0
Q5
0
Lane
6
Q1
0
Q2
0
Q3
0
Q4
0
Q5
0
Lane
7
Q1
1
W
7
150
137
0
3
17
1
0
60
60
-1
1
0
1000000000
25
100
-1
670
1250
Q2
0
Q3
0
Q4
0
Q5
0
Lane
8
Q1
3
W
5
30
60
0
1
7
1
2
40
38
-1
1
0
-1
-1
-1
-1
670
1250
W
5
50
71
0
1
6
1
0
40
38
-1
1
0
-1
-1
-1
-1
670
1250
W
5
70
82
0
1
5
1
3
40
38
-1
1
0
-1
-1
-1
-1
670
1250
Q2
3
W
12
1180
60
0
1
7
1
2
40
38
-1
1
0
-1
-1
-1
-1
670
1250
W
12
1160
71
0
1
6
1
0
40
38
-1
1
0
-1
-1
-1
-1
670
1250
W
12
1140
82
0
1
5
1
3
40
38
-1
1
0
-1
-1
-1
-1
670
1250
Q3
0
Q4
0
Q5
0
